0.000000000000000000e+00 5.111975025991736743e+01 7.029204162918520638e+01 7.237525286383313983e+01 9.770851435162714438e+01 1.030754245510588021e+02 1.237987121762628249e+02 1.244512797247737694e+02 1.204954236818045530e+02 1.306704775798377796e+02 1.827909775164105497e+02 1.774614134030753121e+02 2.476746841498766685e+02 1.622807691394939411e+02
5.111975025991736743e+01 0.000000000000000000e+00 7.097051030299149943e+01 6.418757818592511910e+01 1.030865166276670948e+02 9.769501586428022222e+01 1.191193803509878251e+02 1.197926304415600782e+02 1.157421831648684361e+02 1.361004344457034279e+02 1.832377977433086471e+02 1.749472540164873351e+02 2.485695908447436295e+02 1.641996820165948634e+02
7.029204162918520638e+01 7.097051030299149943e+01 0.000000000000000000e+00 6.464813335726803700e+01 1.140243665532212844e+02 1.159442052775377192e+02 9.778855022425135246e+01 9.896370499431128565e+01 9.402372168348736636e+01 1.262371876792207388e+02 1.809831106554276516e+02 1.612391334090549435e+02 2.499355385426113969e+02 1.700498162436586256e+02
7.237525286383313983e+01 6.418757818592511910e+01 6.464813335726803700e+01 0.000000000000000000e+00 1.164761537048134130e+02 1.101692516931242380e+02 9.716350801260185222e+01 9.803112737572165258e+01 9.338679233462860907e+01 1.336686485981950057e+02 1.826011465499172459e+02 1.622104849729051637e+02 2.504117281431919650e+02 1.708430722636842916e+02
9.770851435162714438e+01 1.030865166276670948e+02 1.140243665532212844e+02 1.164761537048134130e+02 0.000000000000000000e+00 5.876283772080522283e+01 1.501334330533018715e+02 1.461723047017844124e+02 1.475718362153470764e+02 1.472368245541939871e+02 1.878900453900758407e+02 1.857290154478068303e+02 2.481066396635136755e+02 1.636937533432132454e+02
1.030754245510588021e+02 9.769501586428022222e+01 1.159442052775377192e+02 1.101692516931242380e+02 5.876283772080522283e+01 0.000000000000000000e+00 1.463967948790824494e+02 1.421309445370244759e+02 1.437745023772880870e+02 1.511658980149473450e+02 1.885517049230368798e+02 1.840927557238799750e+02 2.483387417571796050e+02 1.657792269954600215e+02
1.237987121762628249e+02 1.191193803509878251e+02 9.778855022425135246e+01 9.716350801260185222e+01 1.501334330533018715e+02 1.463967948790824494e+02 0.000000000000000000e+00 4.181178037845143081e+01 4.286759804477338776e+01 1.349970175000181882e+02 1.723455203650177907e+02 1.380100222973583755e+02 2.447990418425088137e+02 1.864376014004732269e+02
1.244512797247737694e+02 1.197926304415600782e+02 9.896370499431128565e+01 9.803112737572165258e+01 1.461723047017844124e+02 1.421309445370244759e+02 4.181178037845143081e+01 0.000000000000000000e+00 4.286938340832179506e+01 1.356423427805199537e+02 1.730353375271039340e+02 1.384849100355098130e+02 2.448498548903193637e+02 1.865958788315362540e+02
1.204954236818045530e+02 1.157421831648684361e+02 9.402372168348736636e+01 9.338679233462860907e+01 1.475718362153470764e+02 1.437745023772880870e+02 4.286759804477338776e+01 4.286938340832179506e+01 0.000000000000000000e+00 1.332017103743705206e+02 1.729928124441481998e+02 1.386452398151947989e+02 2.452182793671637455e+02 1.848337854948779295e+02
1.306704775798377796e+02 1.361004344457034279e+02 1.262371876792207388e+02 1.336686485981950057e+02 1.472368245541939871e+02 1.511658980149473450e+02 1.349970175000181882e+02 1.356423427805199537e+02 1.332017103743705206e+02 0.000000000000000000e+00 1.773078814444011755e+02 1.620448900309593512e+02 2.345372492404346190e+02 1.700744127177594294e+02
1.827909775164105497e+02 1.832377977433086471e+02 1.809831106554276516e+02 1.826011465499172459e+02 1.878900453900758407e+02 1.885517049230368798e+02 1.723455203650177907e+02 1.730353375271039340e+02 1.729928124441481998e+02 1.773078814444011755e+02 0.000000000000000000e+00 1.624119384560328854e+02 2.243685903638631771e+02 2.000842471254181305e+02
1.774614134030753121e+02 1.749472540164873351e+02 1.612391334090549435e+02 1.622104849729051637e+02 1.857290154478068303e+02 1.840927557238799750e+02 1.380100222973583755e+02 1.384849100355098130e+02 1.386452398151947989e+02 1.620448900309593512e+02 1.624119384560328854e+02 0.000000000000000000e+00 2.268963068333144406e+02 2.126317619285175908e+02
2.476746841498766685e+02 2.485695908447436295e+02 2.499355385426113969e+02 2.504117281431919650e+02 2.481066396635136755e+02 2.483387417571796050e+02 2.447990418425088137e+02 2.448498548903193637e+02 2.452182793671637455e+02 2.345372492404346190e+02 2.243685903638631771e+02 2.268963068333144406e+02 0.000000000000000000e+00 2.216811060748169098e+02
1.622807691394939411e+02 1.641996820165948634e+02 1.700498162436586256e+02 1.708430722636842916e+02 1.636937533432132454e+02 1.657792269954600215e+02 1.864376014004732269e+02 1.865958788315362540e+02 1.848337854948779295e+02 1.700744127177594294e+02 2.000842471254181305e+02 2.126317619285175908e+02 2.216811060748169098e+02 0.000000000000000000e+00
