0.000000000000000000e+00 5.111975025991782218e+01 7.029204162918524901e+01 7.237525286383321088e+01 9.770851435162708754e+01 1.030754245510588589e+02 1.237987121762627396e+02 1.244512797247737268e+02 1.204954236818044819e+02 1.306704775798376943e+02 1.827909775164105213e+02 1.774614134030751984e+02 2.476746841498765548e+02 1.622807691394938843e+02
5.111975025991782218e+01 0.000000000000000000e+00 7.097051030299168417e+01 6.418757818592526121e+01 1.030865166276670948e+02 9.769501586428017958e+01 1.191193803509877824e+02 1.197926304415600498e+02 1.157421831648684076e+02 1.361004344457033142e+02 1.832377977433086755e+02 1.749472540164872782e+02 2.485695908447437148e+02 1.641996820165948634e+02
7.029204162918524901e+01 7.097051030299168417e+01 0.000000000000000000e+00 6.464813335726829280e+01 1.140243665532213413e+02 1.159442052775377050e+02 9.778855022425119614e+01 9.896370499431120038e+01 9.402372168348732373e+01 1.262371876792206251e+02 1.809831106554276516e+02 1.612391334090548582e+02 2.499355385426113116e+02 1.700498162436585403e+02
7.237525286383321088e+01 6.418757818592526121e+01 6.464813335726829280e+01 0.000000000000000000e+00 1.164761537048133846e+02 1.101692516931243091e+02 9.716350801260179537e+01 9.803112737572172364e+01 9.338679233462872276e+01 1.336686485981949204e+02 1.826011465499173028e+02 1.622104849729050784e+02 2.504117281431923061e+02 1.708430722636842063e+02
9.770851435162708754e+01 1.030865166276670948e+02 1.140243665532213413e+02 1.164761537048133846e+02 0.000000000000000000e+00 5.876283772080527967e+01 1.501334330533018147e+02 1.461723047017843555e+02 1.475718362153469911e+02 1.472368245541939018e+02 1.878900453900756986e+02 1.857290154478067734e+02 2.481066396635139313e+02 1.636937533432131318e+02
1.030754245510588589e+02 9.769501586428017958e+01 1.159442052775377050e+02 1.101692516931243091e+02 5.876283772080527967e+01 0.000000000000000000e+00 1.463967948790823925e+02 1.421309445370244191e+02 1.437745023772880302e+02 1.511658980149472313e+02 1.885517049230370503e+02 1.840927557238798613e+02 2.483387417571797471e+02 1.657792269954599647e+02
1.237987121762627396e+02 1.191193803509877824e+02 9.778855022425119614e+01 9.716350801260179537e+01 1.501334330533018147e+02 1.463967948790823925e+02 0.000000000000000000e+00 4.181178037845127449e+01 4.286759804477348723e+01 1.349970175000180745e+02 1.723455203650175918e+02 1.380100222973583186e+02 2.447990418425090979e+02 1.864376014004733406e+02
1.244512797247737268e+02 1.197926304415600498e+02 9.896370499431120038e+01 9.803112737572172364e+01 1.461723047017843555e+02 1.421309445370244191e+02 4.181178037845127449e+01 0.000000000000000000e+00 4.286938340832207928e+01 1.356423427805198401e+02 1.730353375271038487e+02 1.384849100355097846e+02 2.448498548903197616e+02 1.865958788315361971e+02
1.204954236818044819e+02 1.157421831648684076e+02 9.402372168348732373e+01 9.338679233462872276e+01 1.475718362153469911e+02 1.437745023772880302e+02 4.286759804477348723e+01 4.286938340832207928e+01 0.000000000000000000e+00 1.332017103743704070e+02 1.729928124441480577e+02 1.386452398151947705e+02 2.452182793671638024e+02 1.848337854948778443e+02
1.306704775798376943e+02 1.361004344457033142e+02 1.262371876792206251e+02 1.336686485981948920e+02 1.472368245541939018e+02 1.511658980149472313e+02 1.349970175000180745e+02 1.356423427805198401e+02 1.332017103743704070e+02 0.000000000000000000e+00 1.773078814444011755e+02 1.620448900309592659e+02 2.345372492404349885e+02 1.700744127177594294e+02
1.827909775164105213e+02 1.832377977433086755e+02 1.809831106554277085e+02 1.826011465499173028e+02 1.878900453900756986e+02 1.885517049230370503e+02 1.723455203650175918e+02 1.730353375271038487e+02 1.729928124441480577e+02 1.773078814444011755e+02 0.000000000000000000e+00 1.624119384560328854e+02 2.243685903638632624e+02 2.000842471254182442e+02
1.774614134030751984e+02 1.749472540164873351e+02 1.612391334090548582e+02 1.622104849729050784e+02 1.857290154478067734e+02 1.840927557238798613e+02 1.380100222973583186e+02 1.384849100355097846e+02 1.386452398151947705e+02 1.620448900309592659e+02 1.624119384560328854e+02 0.000000000000000000e+00 2.268963068333147248e+02 2.126317619285177898e+02
2.476746841498768106e+02 2.485695908447437148e+02 2.499355385426113116e+02 2.504117281431923061e+02 2.481066396635139313e+02 2.483387417571797471e+02 2.447990418425090979e+02 2.448498548903197616e+02 2.452182793671638024e+02 2.345372492404349885e+02 2.243685903638632624e+02 2.268963068333147248e+02 0.000000000000000000e+00 2.216811060748168813e+02
1.622807691394938843e+02 1.641996820165948634e+02 1.700498162436585403e+02 1.708430722636842063e+02 1.636937533432131318e+02 1.657792269954599647e+02 1.864376014004733406e+02 1.865958788315361971e+02 1.848337854948778443e+02 1.700744127177594294e+02 2.000842471254182442e+02 2.126317619285177898e+02 2.216811060748168813e+02 0.000000000000000000e+00
